1750
292
1495
1470
902
182
1679
666
1625
645
1277
702
1614
714
1282
501
856
781
846
952
871
302
82
1434
899
1797
1170
552
1027
1489
97
168
52
1482
1995
1581
564
1608
1870
1118
1485
959
522
1600
74
119
1589
771
783
847
153
854
154
1615
384
921
1755
1962
983
557
1720
1571
178
781
151
1673
1460
1833
1726
1710
1661
833
76
1719
1851
1169
552
615
1708
1967
961
1632
81
325
1955
982
750
179
713
592
1688
297
1140
705
247
211
1893
649
1769
931
397
1718
1723
1168
1511
1570
1175
1506
1658
1681
558
400
405
1682
472
1727
1838
781
785
515
70
1021
337
254
1157
67
431
493
271
1711
254
844
936
1603
940
1516
297
1809
1909
386
1612
654
1941
1451
804
769
1588
804
599
718
828
1220
928
324
806
1482
1762
1942
398
1582
500
85
619
1691
1939
1717
820
1981
1292
169
254
1250
1238
1120
1277
483
425
91
341
1163
1183
1841
376
165
1229
1485
1613
1690
775
1229
1650
1603
549
565
1364
1138
1864
1542
338
1641
1192
1668
64
440
583
291
1900
1
314
155
1711
672
1965
1022
1519
1415
1851
131
1969
1422
514
498
89
1907
221
1148
1641
1190
1429
1146
1565
780
1513
977
1983
80
51
1372
1568
1599
1378
503
334
242
181
757
1390
1607
161
1499
177
1221
1678
360
1259
1469
542
98
407
1928
1363
1909
1874
1941
1085
844
1556
1436
1904
150
1054
354
397
654
1032
251
253
288
120
935
1918
1323
333
1860
270
1043
1292
1860
549
186
1395
1533
1582
838
864
555
987
478
368
1808
534
1570
713
1079
1626
698
62
1411
1862
671
412
1671
506
1405
1790
261
453
1669
687
153
1924
50
1698
1930
1871
1760
1435
782
1252
728
1325
414
1118
263
1442
1447
1930
470
1735
433
936
385
1596
202
1846
1433
296
435
909
363
1670
848
141
251
456
1835
1716
45
200
791
289
769
641
8
244
1591
641
1814
1164
1715
1575
1863
1259
556
1207
1729
1386
360
1061
1078
1864
825
1166
1246
824
377
917
1630
252
1573
1834
1918
918
1285
1623
802
469
178
1353
1772
20
309
320
1709
1472
1914
584
943
1304
1835
1202
1675
1337
1593
450
347
1521
202
620
1719
1232
740
949
1034
959
857
1771
1717
1795
1402
262
122
1553
1528
455
1264
530
1692
72
1091
1188
327
1098
493
168
1404
383
1554
624
1821
158
912
657
758
497
299
716
1902
221
7
429
1438
552
203
638
1393
1167
1897
435
1668
1828
519
1253
1604
123
1098
28
539
1986
706
269
1514
1621
1829
400
1164
1789
795
1132
886
432
596
457
383
1187
742
582
625
1130
72
1656
319
1209
310
571
482
1485
1252
1727
921
864
1286
479
715
1587
1641
1533
283
14
1852
76
802
429
1313
997
1307
1332
1713
1087
243
840
479
149
237
740
1572
1758
1574
1449
682
1012
1684
1779
109
1134
912
585
1752
1402
1047
1852
386
655
435
1899
1378
1826
1135
1535
238
1924
1466
409
749
1129
1363
1827
1018
989
1219
1626
1231
876
1864
790
756
1774
1349
743
1607
535
1969
1713
422
726
1720
1255
892
1962
231
1482
570
102
1479
80
1438
827
1697
245
99
40
1115
101
1525
117
1494
1367
1250
1494
1778
1172
465
1556
1563
599
1535
1703
1800
782
133
1420
1938
1615
52
538
985
1679
97
947
28
1868
612
1591
761
1329
776
1021
95
400
1697
547
924
165
1710
1725
135
1227
28
1838
1789
768
1752
1281
1567
247
1166
1351
860
130
706
1734
1530
1665
1590
1605
1118
302
1814
1516
1572
1493
1340
1287
1115
1897
1033
1996
109
827
1802
1210
493
1875
1421
761
1982
1070
424
422
876
967
1607
1602
1994
1116
1809
1943
417
1495
1916
498
1610
543
1922
149
1300
1625
424
1342
139
1339
474
314
1843
1956
1930
346
1706
1268
1204
885
1037
947
1381
1835
913
889
1410
1126
1654
682
1046
659
1629
1090
1604
247
693
1078
1244
386
822
498
549
277
308
776
1015
1817
1927
1995
1571
1668
1947
618
882
1812
263
1936
881
41
743
747
1422
7
345
1019
1504
545
1438
1246
1200
1063
1472
1372
1261
1488
598
1581
1393
1438
400
1072
1199
1065
1104
1907
1454
147
1444
659
1753
826
42
239
371
1040
394
1106
69
574
0
1012
946
169
716
206
1596
1148
1813
678
923
1044
1651
1753
1694
12
1554
1833
1533
1987
217
342
459
1911
1355
1267
573
1946
386
1379
1994
92
1318
1334
489
660
1465
1714
825
420
1380
1080
1132
674
1540
1366
349
1116
1712
797
539
874
1457
416
1595
1274
502
196
1219
7
74
532
91
1428
401
1187
988
559
143
718
1961
780
1465
462
971
1101
650
1211
1765
388
884
902
693
1459
268
913
1964
1268
343
1760
1694
1962
403
443
23
989
1041
701
1117
73
1562
960
674
1479
1120
227
1727
797
1289
1091
1828
353
1254
447
1700
370
1703
1164
689
1717
947
276
1193
535
1563
113
584
1341
682
381
1901
22
364
1703
665
1672
482
433
1551
192
1372
1141
1204
507
39
1112
1955
768
534
1802
1970
115
462
383
1295
181
950
1500
737
753
330
1918
1098
1842
1206
152
1106
1254
630
264
1929
1943
132
1424
1353
757
1694
1483
1775
1606
1
1797
531
1933
92
383
1509
1506
1815
211
1322
926
448
1443
430
1636
790
523
1344
1283
1242
1988
97
500
1043
1459
1905
1873
1849
503
1478
13
527
1467
572
1707
1945
1146
370
1720
1964
1791
931
1614
166
254
1237
701
1788
1085
1188
972
511
1119
284
609
1192
1729
47
1283
805
413
60
828
1446
327
627
1365
1021
1082
128
4
920
804
686
682
1566
550
1315
1029
1579
884
1330
1537
1904
491
1855
1440
801
1695
797
1966
1219
155
822
598
886
369
1176
344
1887
150
1230
433
1885
183
1754
1091
1492
1783
353
1932
1326
1758
1951
1836
1726
1892
1097
1737
1215
1111
558
1786
647
1974
1312
708
1792
1051
440
41
374
725
853
54
582
702
850
790
477
149
148
527
139
1281
764
1525
2000
103
301
116
41
234
1308
635
1703
1034
1030
468
829
133
1314
537
625
387
931
1990
1137
308
1105
594
637
1199
156
1074
162
783
915
1366
839
1255
681
756
1158
1277
1429
1519
1380
715
1338
1832
765
1345
1583
1928
1500
106
1038
1501
303
1823
1374
40
264
501
867
88
1737
42
493
1776
1900
88
324
88
947
1722
1553
1511
1709
1185
971
1131
803
1914
135
699
1211
1197
1106
1599
1315
48
850
660
1982
276
405
1640
1319
745
68
1678
1802
185
1647
1012
1171
1760
1404
67
1379
1474
1679
1786
1417
1068
1531
615
838
1165
1682
1475
520
1766
1264
558
876
484
1371
1330
339
1267
1826
1472
1951
16
622
838
219
1694
336
1575
887
1678
276
810
591
1838
1872
438
988
1507
1339
1734
579
1877
566
920
1143
327
1242
886
1645
1231
228
479
1516
380
957
1646
367
972
838
286
1401
710
1882
1140
1692
374
671
1110
1213
670
1026
1468
899
513
1904
1497
1656
1663
1814
223
220
641
951
1502
1106
545
1148
1876
184
202
1365
286
1554
932
1565
1032
139
286
1213
746
1002
1806
1973
1615
1916
384
1102
568
614
1222
1229
1185
172
1122
1549
877
1429
514
230
94
1358
1039
356
1980
1867
1877
1289
88
1912
1470
514
1546
913
1538
1409
53
1179
884
1788
1615
1863
341
51
532
492
1282
1577
107
1705
669
293
1183
1278
1184
1637
1974
1895
1759
757
504
1711
1592
1676
1653
673
1287
207
473
606
693
90
624
918
1999
952
1898
470
1179
795
1328
1155
353
289
389
528
1057
606
284
423
136
195
300
1568
1539
1622
531
1824
827
593
870
423
1025
1478
297
580
1641
1370
1911
221
439
1741
741
499
1473
1542
1651
1483
170
357
1665
1789
1105
677
1432
1075
1291
333
63
411
436
117
1422
529
1864
127
700
677
820
792
773
1075
369
774
363
237
231
1378
1669
1567
497
241
1985
1881
1485
1296
1151
117
297
703
1539
1927
96
1436
842
1757
1273
1317
1417
64
1744
116
1283
804
307
620
765
25
1429
324
878
1180
1263
1224
214
1570
833
1322
1936
1802
452
1577
205
292
1743
1190
1330
653
101
251
975
1978
359
1020
1974
1588
1546
1733
1699
85
1986
577
1464
776
1293
1582
1571
1705
1859
1865
1939
176
1422
647
1691
1972
151
1092
670
186
1458
344
795
1755
1592
51
1883
1798
1963
1422
1436
1520
1407
188
229
1980
1164
1331
1694
137
401
1344
1896
1469
1376
1440
1789
990
326
282
531
1289
1500
1267
1620
824
809
385
1359
514
1929
519
1886
158
805
335
1567
140
1059
736
305
80
1731
877
208
528
1779
1276
71
1017
166
1900
1475
1356
521
525
679
55
672
1271
1108
51
711
1925
312
622
641
1850
351
559
1743
1449
1527
441
1905
1304
1070
1916
976
184
1830
1222
735
1301
1432
869
1249
1976
1939
74
441
468
1652
1192
255
1624
382
1315
1854
411
1023
1199
1009
668
1213
227
1704
739
1872
1192
75
1255
762
1142
1862
1270
1279
1244
312
1245
76
1063
1369
1761
1922
1788
1122
391
150
1217
920
1091
542
1569
1224
581
224
1156
1872
793
626
1088
273
866
1453
865
1644
579
505
1683
289
1465
1069
1945
1021
518
1395
972
653
681
1486
1971
892
1493
1881
1142
1317
1894
568
333
1706
462
490
1901
1204
120
1326
687
470
541
972
1334
1626
1761
16
829
373
987
796
95
1198
634
1545
1449
1091
1729
1486
532
1920
271
31
1217
1716
290
982
799
852
707
366
1919
472
482
1533
1473
1226
1283
459
292
1847
1772
592
35
759
1380
626
1712
1870
585
190
773
1589
1495
766
201
1050
57
1568
410
834
1625
152
82
1261
1993
937
1359
250
11
133
1319
1136
1024
22
545
1932
1791
1640
1529
379
1128
799
999
812
539
601
811
896
1066
158
337
990
947
1877
1672
1469
755
790
768
496
748
1733
520
614
1428
1301
1901
202
1987
694
1830
420
1221
1714
1867
340
525
1497
746
118
29
703
1371
1291
461
283
1082
123
1732
449
438
550
770
355
1
1328
136
1533
982
433
830
254
1577
1344
1100
1777
1872
1966
749
76
1407
1657
1933
34
1045
1167
1833
1712
1252
759
1578
946
1245
535
264
25
325
1726
1093
133
1060
1898
1529
1071
1546
1655
1596
567
661
73
535
913
369
1930
1231
39
754
1746
704
1719
1248
1284
1393
99
1113
1237
1677
405
316
781
45
706
574
359
1499
304
1546
1764
736
1481
1217
1021
1472
1116
1024
1425
965
618
1854
621
1088
1187
75
1520
1645
1189
626
454
1440
916
388
1417
726
668
972
786
1244
1685
187
731
227
1366
1478
257
1472
